247100
247101
247087
247086
247102
247094
247093
247088
247075
247076
247095
247103
247089
247077
247078
247096
247104
247090
247079
247098
248270
248271
248272
248273
248278
248279
248274
248275
248281
248280
248276
248282
248283
248277
232729
232731
232730
232732
232733
232734
232736
232737
232735
235363
235364
235365
235366
235367
235371
235372
235368
237266
237267
237268
237269
237270
237271
237272
237273
237274
219595
219596
219594
219598
219597
219599
219601
219600
221176
221177
221178
221179
221180
221181
221183
221182
221837
221838
221839
221840
221841
221842
221844
221843
222364
222367
222365
222368
222366
222369
222530
222531
222532
235566
235567
235568
235569
235552
235553
235554
235555
235560
235561
235556
235557
235562
235563
235558
235564
235565
235559
220297
220296
220292
220290
220298
220293
220299
220294
220300
220295
220444
220443
220442
220441
220450
220449
220446
220445
220451
220452
220447
220453
220454
220448
183774
183775
183776
183777
183778
183779
183780
183781
183782
183783
183785
183786
183787
183788
183789
183791
183792
183793
183794
183795
183796
183797
183798
183799
183800
183801
183802
183803
183804
183805
183807
183808
183809
183810
183811
183812
183813
183814
183815
183816
184032
184033
184034
184035
184036
189050
189051
189052
189053
189057
189056
189054
189058
189059
189055
173215
173214
173216
173217
173218
173219
173220
173221
173222
173223
183944
183945
183946
183947
183948
183949
183950
183951
183952
183953
184037
184039
184040
184041
184042
184043
184044
184045
184046
184047
184048
184049
184050
184051
184038
184052
184053
184054
184055
184056
184057
184058
184059
184060
184061
213193
213194
213195
213196
213200
213199
213197
213201
213202
213198
184456
184457
184458
184459
184460
184461
184462
184463
184465
184466
184467
184468
184469
184470
184471
184472
184473
184474
184475
184476
184477
184478
184479
184480
184481
184482
184483
184484
184485
184486
184488
184489
184490
184491
184492
184493
184494
184495
184496
184497
184498
184499
184500
184501
184502
184513
184514
184515
184516
184518
184517
184519
184520
214088
184521
184522
167348
167349
167351
167352
167353
167354
167355
167350
167356
167357
167358
167359
167360
167361
167362
167363
167364
167365
167366
167367
167368
167369
167370
167371
167372
167373
167374
167375
167391
167392
180279
167393
