542195
542196
542207
542205
542212
542211
542200
542201
542197
542208
542213
542202
542209
542198
542203
542214
542210
542199
542215
542204
542265
542264
542266
542267
542273
542274
542268
542269
542277
542276
542270
542278
542279
542272
509801
509802
509803
509804
509805
509806
509807
509808
509809
509810
509811
509812
509813
509814
509815
509816
509817
509818
509819
509820
509821
509822
509823
509824
509825
509826
509827
509829
509830
509831
530902
530903
530906
530907
530904
530905
530908
530909
530910
530911
536985
530912
530913
511543
511544
511545
511546
511547
511548
511549
511550
511551
511552
511553
511554
511562
511563
511564
511565
511566
511567
511568
511569
511570
511571
511572
511573
511575
511576
511577
511579
511580
511581
530924
530925
530928
530929
530926
530927
530930
530931
530932
530933
530934
538583
530935
508815
508816
508817
508818
508819
508820
508821
508822
508823
508824
508825
508826
508828
508829
508830
508831
508832
508833
508834
508835
508836
508837
508838
508839
508840
508841
508842
508843
508844
508845
530354
530355
530356
530357
530358
530359
530360
530361
530362
530363
530514
530364
530365
506930
506931
506932
506933
506934
506935
506936
506937
506938
506939
506940
506941
506942
506943
506945
506946
506947
506948
506949
506950
506951
506952
506953
506954
506955
506956
506957
506958
506959
506960
527577
527576
527584
527583
527580
527579
527585
527586
536176
527581
527587
527588
527582
490309
490307
490308
490306
490311
490310
490312
490313
490315
490314
498622
498621
498623
498624
498629
498630
498626
498625
498631
498632
498627
498633
498634
507067
498628
459826
459827
459828
459829
459830
459831
459832
459833
459834
459835
459836
459837
459839
459840
459841
459842
459843
459844
459845
459846
459847
459848
459849
459850
459852
459853
459854
459855
459856
459857
482503
482504
482505
482506
482507
482508
482510
482509
482515
482511
482512
482513
458805
458806
458807
458808
458809
458810
458811
458812
458813
458814
458815
458816
458817
458818
458819
458820
458821
458822
458823
458824
458825
458826
458827
458828
458830
458831
458832
458833
458834
458835
473833
473834
473837
473838
473835
473836
473839
473840
473841
473842
473843
473844
450047
450048
450049
450050
450051
450052
450053
450054
450055
450056
450057
450058
450059
450060
450061
450062
450063
450064
450065
450066
450067
450068
450069
450070
450071
450072
450073
450074
450075
450076
473233
473234
473235
473236
473237
473238
473240
473239
473241
473242
473243
473244
459517
459518
459519
459520
459521
459522
459523
459524
459525
459526
459527
459528
459529
459530
459531
459532
459533
459534
459535
459536
459537
459538
459539
459540
459541
459542
459543
459544
459545
459546
475897
475898
475903
475904
475899
475900
475906
475905
475901
475907
475908
475902
448598
448600
448599
448597
449000
449001
449002
449003
449004
449005
449008
449009
449010
449012
449013
450589
449011
429381
429380
429379
429382
429385
429384
429383
429386
429393
429392
429394
429391
429388
429387
429395
429396
429397
429398
429389
429400
429401
429390
430514
430515
430516
430517
430521
430518
430519
430520
430526
430529
430527
430528
430522
430523
430530
430531
430532
430533
430524
430534
430535
430525
427991
427992
427994
427993
427995
427996
427998
427997
428003
428004
428006
428005
427999
428000
428007
428008
428009
428010
428001
428011
428012
428002
430838
430837
430839
430840
430842
430841
430843
430844
430851
430853
430850
430849
430845
430846
430854
430855
430856
430857
430847
430858
430860
430848
