684613
684610
684611
684612
684614
684615
684616
684617
684619
684618
670466
670467
670465
670464
670473
670472
670468
670469
670475
670474
670470
670476
670477
670471
645474
645475
645476
645477
645478
645479
645480
645481
645482
645483
645484
645485
645486
645487
645488
645489
645490
645491
645492
645493
645494
645495
645496
645497
645498
645499
645500
645501
645502
645503
660369
660370
660371
660372
660375
660376
660377
660378
660373
660379
660380
660374
644709
644710
644711
644712
644713
644714
644716
644717
644718
644719
644720
644721
644722
644723
644724
644725
644726
644727
644728
644729
644730
644731
644732
644733
644734
644735
644736
644737
644738
644739
660381
660382
660383
660384
660387
660388
660389
660390
660385
660391
660392
660386
644652
644653
644654
644655
644656
644657
644658
644659
644660
644661
644662
644663
644665
644666
644667
644668
644669
644670
644671
644672
644673
644674
644675
644676
644677
644678
644679
644680
644681
644682
666488
666489
666490
666491
666494
666495
666496
666497
666492
666498
666499
666493
642914
642915
642916
642917
642918
642919
642920
642921
642922
642923
642924
642925
642927
642928
642929
642930
642931
642932
642933
642934
642935
642936
642937
642938
642939
642940
642941
642942
642943
642944
642947
642946
642948
642945
659474
659475
659476
659477
659482
659483
659478
659479
659485
659484
659480
659486
659487
659481
625788
625791
625790
625789
626529
626530
626532
626533
626535
626534
626539
626537
626540
626538
626546
626545
626541
626542
626548
626547
626543
626549
626550
626544
596399
596398
596400
596401
596402
596403
596404
596405
596409
596410
596411
596412
596413
596414
596406
596407
596419
596420
596415
596416
596421
596422
596423
596424
596417
596425
596408
596426
596418
596427
594740
594741
594742
594743
594744
594745
594746
594747
594751
594752
594753
594754
594748
594749
594755
594756
594761
594762
594757
594758
594763
594764
594765
594766
594767
594759
594750
594768
594760
594769
595630
595631
595632
595633
595634
595635
595636
595637
595641
595642
595643
595644
595638
595639
595645
595646
595651
595652
595647
595648
595653
595654
595655
595656
595657
595649
595640
595658
595650
595659
598923
598924
598921
598922
598927
598928
598925
598926
598932
598933
598934
598935
598936
598937
598942
598929
598943
598930
598944
598938
598945
598939
598946
598947
598940
598948
598949
598931
598941
598950
